626645
713147
173361
3879
244983
598368
316185
154525
104845
936119
419634
37265
90493
416454
150694
828402
795223
588844
605354
368566
777655
645510
472950
735744
126690
448913
345186
681937
94388
531958
807678
217264
374125
425251
469979
111836
878947
383171
796487
832292
431098
703926
733404
206137
666530
367662
83386
367020
905031
103886
369665
144795
45384
605330
529600
981134
240197
437616
877189
796070
253182
634247
60137
572886
128441
202369
663140
665242
946475
38857
949454
412051
792357
773061
937468
73729
912105
266813
69214
759027
365527
978165
776905
990501
162292
662882
171880
768794
895650
488844
871639
441330
505982
416
579110
796850
643789
160517
77695
464160
704522
418143
420545
866173
154431
957613
352438
272322
667862
455871
69029
973384
368402
118161
430542
275016
857342
69635
410593
465559
30489
894345
769591
457631
167218
508123
906069
791940
193950
140617
429939
751587
189117
605053
54505
947383
557620
910731
836069
204679
310444
899557
100932
439779
419815
898255
72928
387821
569874
304094
939508
574154
749924
612136
433671
810176
648551
962913
698955
646308
51544
560497
78371
527245
25931
317441
784266
763348
63655
483158
717395
946610
233565
205914
155115
130931
793413
329812
37816
268963
435195
518247
222066
889856
201108
855785
1663
576981
171382
244328
298831
594706
211776
189761
153134
749946
821185
573686
413847
102374
113988
309579
324165
86715
586698
992898
340588
544009
457020
302739
16762
318739
925097
429992
211112
533296
338430
188514
326136
170146
315777
207285
591966
819326
184326
122689
734833
43803
52780
405168
309745
219727
915964
935442
154974
125616
194082
135351
303158
208210
515196
457654
119960
868642
227566
980092
669608
781784
978649
619837
411515
632670
247549
243701
786596
906703
717613
504838
902388
464009
258064
296784
491229
51852
992994
797035
402775
989655
275018
85495
339214
203079
885356
117926
654949
858123
87324
723323
591760
204234
453080
953049
65154
432942
993652
677074
972177
672262
148845
248270
408002
689243
232962
839148
950145
218412
966425
68108
875648
430530
577316
679952
506766
893153
280622
208435
747314
129622
588751
928473
819379
994289
913077
698153
10928
305014
231630
58286
58199
315919
824858
730513
840810
26747
677493
649971
970117
46207
167781
436537
891698
19216
847675
161230
626918
773127
446283
172000
152320
785216
929760
842554
83510
220371
428891
413713
776165
534808
828220
645131
986781
908138
9909
559728
605672
846803
839142
480018
215660
630651
238318
701106
961841
152214
36775
800163
146614
751847
71235
237801
858730
59629
905966
272982
386159
982303
647002
620438
597855
263779
873805
435308
217987
522650
449756
983559
9307
287946
555558
780114
933985
966265
956340
521668
546898
228653
880712
931296
183596
628728
267098
24318
463573
590418
786400
927151
2172
736926
173569
623368
199801
218703
882163
951880
756846
803010
483118
439191
702458
53215
790855
858667
196289
291121
303815
892465
103289
384297
726084
157505
101590
715705
436842
969127
996681
849487
971735
627568
736249
522604
981387
272380
114377
932189
580313
715282
84102
4459
764822
743887
745535
441521
228838
130380
837872
408430
828029
172451
286603
893934
823862
617874
10842
16064
521777
484095
781861
913035
955199
907359
831275
855549
702941
179854
71828
518475
744290
264099
710807
588533
808363
98829
619475
982196
411970
660069
486867
306461
131254
588250
21457
799283
340965
842315
698741
363513
261538
98313
410412
96218
933420
171066
49260
857462
912612
889985
738579
48984
58552
319397
664140
563929
461643
698069
85570
725033
998398
28645
604094
861707
997227
475399
781781
366948
885901
31991
514584
860626
481112
708315
256936
645977
853687
614589
655112
637297
49568
762012
69584
521984
921489
437883
247909
811857
924110
457528
337639
642895
756744
973707
365114
232893
494219
548704
98990
458021
389285
682311
971561
880620
375400
877953
567871
350236
62460
18162
710242
847054
42957
448273
675464
236385
959060
82109
940218
559344
227489
969923
442838
428372
694352
871688
103881
507404
343201
24043
151758
304983
515599
197091
248012
367256
790451
188964
146583
43536
870011
897673
749397
905947
747286
490585
599938
308470
298243
128728
273832
412109
608486
539645
230531
419361
239473
543188
186268
503712
774071
60466
7035
38416
866403
405258
331454
845865
200261
308207
445934
770095
935525
896681
689332
329816
220526
536890
681086
203766
271750
795410
209161
214472
750210
739648
696497
975953
966560
828650
127783
247262
2696
642871
269464
809544
890637
710980
39543
342027
159131
754072
108209
990035
682793
503737
476584
711804
850313
900714
198835
702582
862102
982501
231962
978661
851305
792563
288205
126755
708761
355500
879305
371610
180424
198672
767399
292653
627217
879787
439179
509545
497347
339058
44635
517677
687201
219126
531678
246473
263064
984692
125640
65845
629815
425201
385159
20194
410909
290803
958239
98074
422774
912788
633265
803630
874766
736598
809611
484121
736337
183930
84586
970525
461535
689289
205235
523043
937865
714284
291459
632179
260884
41732
863690
724068
229860
813460
741795
755222
813513
747204
881744
336414
921548
341104
86770
584558
705792
241005
642911
950602
409515
47557
510135
79133
900106
155115
604310
940525
219966
862115
82329
696625
999343
326060
837190
381042
49097
909197
573769
61306
994802
54388
670608
989133
302186
748172
48976
120431
602519
620676
817250
696860
71373
340857
222663
213327
531596
784557
823962
74745
209149
801270
535256
951397
664875
185118
337070
595488
503914
705728
535460
796595
667235
581604
955799
355126
376949
521001
776946
151933
106138
483879
338006
599289
44865
385468
625252
658486
103396
623862
849445
264540
85234
499023
852156
193532
519131
719210
324258
117068
411102
453488
616517
896791
85215
20654
29624
489768
385057
867536
836378
10594
7611
672029
968607
725270
463264
935966
906532
279406
559866
678583
492091
880051
856282
270920
711361
168211
729447
762267
835995
657738
196743
659878
740830
652649
867361
441214
514073
24210
355844
135483
273429
235859
787484
838850
256928
413204
530416
126885
730268
583164
812678
44851
557201
732518
961396
736465
40508
814294
309293
861412
760320
622789
31541
178640
813851
347732
931198
315957
857908
22049
421892
882322
923562
424382
405154
256232
92566
17431
13992
298157
637795
602562
31999
252830
845059
151891
102676
8312
691253
130896
400706
699779
714916
494431
375163
650639
204317
608844
24999
909196
482005
214459
268977
708218
161271
930356
121289
132819
327364
705163
643898
23076
800302
11136
223617
157758
590790
778710
333580
661959
245056
922886
624704
727012
621343
722113
167405
429130
49219
754514
51914
483722
992432
104795
816151
423336
333585
323780
91559
914703
30602
969857
680948
986089
486997
377629
899476
703780
270814
217405
59849
425607
275264
363039
664139
559119
589754
541964
86875
439157
762950
692158
83599
572849
653249
160176
30644
695506
194984
800281
824173
267010
687151
418876
631357
275198
241938
638615
240015
243713
822637
463624
158316
831814
694665
626307
208458
629392
440656
257032
833581
791620
236904
652401
151752
338443
886257
108098
332840
326820
346984
203969
508795
470532
393231
792838
738455
856387
731682
388941
317180
951139
301948
843162
616520
299326
533842
251785
878184
26941
951717
401252
254850
937952
966699
32552
30105
34750
267123
292913
388940
133839
305774
913194
896729
618667
954828
687783
438582
901826
887852
352070
897709
51714
939851
882441
489672
393742
35880
852426
804601
634471
229914
305899
375103
945732
949118
570842
503833
360679
762733
703705
589264
438769
0
183340
645364
388753
946433
997852
344497
846058
813203
976357
139088
599647
503542
203136
998101
84258
542880
636363
998869
414696
488312
754468
903925
999875
538091
950997
669549
383985
183950
77902
139093
184147
762806
458940
51713
756510
237076
100918
447309
38028
507928
958543
821268
253556
166810
775456
442189
745982
572741
419574
817799
126369
704836
174567
950457
245531
279415
645488
850662
995435
328303
960512
662108
735300
837264
954941
836840
44602
151422
241590
847181
441961
189054
960840
906768
529769
933200
650368
833065
762635
508808
923566
811244
764375
260103
12723
479311
588238
508483
806182
477095
591587
250256
451873
709725
547416
296434
85967
416292
211868
938615
397586
594559
331150
572393
375837
937315
743995
267799
420687
312330
629046
812423
88026
486627
404736
149268
897732
475196
824540
475630
248602
536119
345240
764495
255593
191705
737181
251115
359351
233334
847233
234075
621197
824020
111221
329007
480093
191981
884266
75408
735315
320438
87795
493851
848048
779164
162229
965245
304988
398148
398702
610770
591752
736237
690012
861467
249319
566655
316800
184131
200134
492879
908448
187353
465097
394970
191226
264006
375406
75729
669174
705750
590930
749131
740315
928164
448323
851389
916446
476428
29475
771935
946126
961203
834631
236462
642323
884959
134007
249754
79687
913437
875181
700134
875274
242436
411990
900441
28753
453078
587938
898223
589839
229259
728973
692951
19840
842620
995922
761848
413143
397929
650209
840371
154656
428198
546752
947244
352722
228635
752646
306266
129998
125651
996041
755737
830568
890795
873857
497878
516174
547882
822635
463367
888489
131252
182096
716867
232229
141679
216621
799703
889036
372159
836610
681758
263227
34810
545478
447075
695683
464745
547719
800118
700431
281672
768225
464187
233217
973235
862383
129045
968762
498043
245673
865260
575293
186841
951881
23403
246102
829885
715014
211042
12013
952943
417229
757838
289040
314283
492509
795758
345316
426781
802195
51428
163
22517
762936
606817
363027
717908
483649
258994
279296
87576
830940
390993
126485
971350
106464
76385
82928
522074
200973
865798
749730
336676
788105
747487
864442
10386
175146
918934
480726
66624
783728
541981
695848
194245
865097
552776
423905
345063
660376
528193
346235
456020
931745
924436
122002
26236
631352
317690
207819
416123
712829
823241
225807
936396
301698
663486
234412
15448
742374
352640
542762
564714
778267
212671
303847
288959
695144
932240
106252
553687
652480
737864
861698
672779
519562
293709
404930
863668
625485
838206
379034
857455
711115
64602
353794
960487
316173
759451
892546
201611
318364
408456
602688
307736
985431
781520
677752
719073
620588
833043
331091
699111
211438
654131
763643
974965
961543
553028
416834
7988
258555
370743
389963
904168
973605
685306
853599
713665
858877
343360
972785
935692
39694
904641
235323
244024
135175
553961
687348
738042
615956
685856
243079
792441
507114
679922
646017
56984
300959
378829
998944
763145
342617
884557
943055
947620
18492
698520
334130
300124
927921
964087
860196
277228
860257
395398
659417
306797
418807
519619
839789
407581
865679
678792
392032
572698
127663
597522
397054
293683
39289
796615
412706
480047
344415
209640
593075
155136
961585
287703
225531
436655
219830
387223
810120
651869
825660
965850
932183
111715
20504
339219
638176
781340
539040
591362
897465
663825
492525
370357
819957
420970
301465
40447
260835
131305
551380
380149
932813
650617
802323
504281
345211
131104
294087
403133
187750
478456
868671
740162
747038
161812
665338
285338
273178
700069
158438
631366
941007
753053
312175
929249
662610
591228
467746
804561
135189
179383
126387
678815
100488
445511
33037
281566
309391
516223
994007
507072
487252
135907
403611
419008
795154
752362
623318
658144
755632
16127
767268
560766
972866
920014
439142
179759
338442
873073
841670
753983
663358
489526
267943
8367
352069
189855
639674
301527
128774
383771
975946
756954
706061
651366
144113
805099
349441
893166
134095
910247
967909
809601
48928
119062
412114
565621
705948
180473
6369
853278
943124
436318
674552
240024
843714
997726
867963
395244
66939
605298
112688
321791
529369
371860
40180
10313
854704
321500
775900
634042
830318
445275
738978
931423
786073
853756
440597
148880
596252
786447
483907
459200
295158
275496
440646
539628
82402
466037
807651
146387
937136
954196
826226
528796
797559
646118
280232
677067
78882
401800
710916
384447
404573
372326
22959
497848
697340
743129
453950
989958
557128
719082
798992
280492
121391
653487
26632
253872
931214
500552
927911
388667
513849
629512
696905
876121
619049
210181
133863
139955
573523
763529
69998
194451
75530
99459
54627
922831
252537
942797
842288
339272
12087
817693
589259
218053
155204
545734
407405
144072
619486
26360
745853
578329
473889
322249
870598
775060
675420
146838
878799
487158
609266
313995
416435
793598
649083
604541
204961
21931
598859
103800
1335
988416
658263
588638
376579
696155
40253
478852
720917
73315
802776
989790
520468
547162
17675
491669
720562
753281
228861
279567
247410
105699
63998
355129
730006
698092
401258
795660
568969
550662
340772
385474
545213
515685
25025
757437
920066
885250
945669
174442
734806
196568
425920
805483
684382
619475
793526
869272
775923
157414
883979
451680
793069
319291
856390
895635
924417
303133
858632
678487
294897
244593
909883
170254
732542
417302
444577
4783
522137
260238
571602
835311
807611
54418
544761
50842
679778
258514
670747
110530
904566
531986
19737
411554
666683
889092
592404
225921
659295
129389
833019
616932
26617
267182
879545
490213
286684
255665
72941
267080
174898
788742
347134
515684
585812
48667
644068
738650
774530
805547
215857
665902
632385
748101
773921
762911
224855
498328
503570
843450
824897
218655
345488
392748
427218
954670
808693
540429
174873
54548
764157
424112
185573
403667
935632
115823
184851
504052
825742
618016
245023
853753
451391
853747
913532
167117
984546
278516
493260
116634
265357
788356
752094
229490
442182
956242
443253
954386
88466
631142
239973
103639
563777
719981
41390
791744
480328
228718
812469
658097
578059
720802
672586
885554
598426
971144
767264
491741
479216
260101
970123
530177
47168
58239
789190
975801
672018
956082
961484
979390
672569
230465
415586
194600
378043
141383
289976
731409
812357
121787
686788
755828
466046
835162
538574
544554
115770
866540
631064
471038
188978
951512
475170
828365
661018
709795
56471
505537
930791
65588
119726
524245
267233
833078
985527
347594
305216
477985
507511
457042
681167
35854
679383
357428
573312
214295
64131
212005
519665
244635
860031
805477
325018
490446
790411
721057
755295
587220
533581
668247
84912
784439
800618
746768
2061
162542
488594
632967
849634
190980
239338
637784
359029
174021
789870
153123
272129
117742
255052
446723
645664
844465
985872
686155
205557
314248
199227
776787
42667
264470
592299
717995
944404
839263
372130
896728
235236
932614
355366
410769
725700
431163
362371
328684
5297
222246
446448
150996
700575
637287
448927
637552
332168
86857
22583
240447
798566
114462
541210
687812
963315
711806
590300
585163
598681
521342
693379
519766
801891
893142
917887
339514
762375
844283
721022
214500
482094
657187
680857
983310
867800
48230
76212
405379
815542
954746
385827
857546
816679
131683
98161
120773
391404
667554
447454
13893
840862
777207
730003
483955
528867
926682
349105
807432
719400
109413
875177
487884
365834
808082
758352
141378
433605
557899
820012
915084
635594
184921
769621
643935
135514
835833
703086
670207
794980
797114
948110
94821
396828
707129
373638
704886
927184
196902
454443
941118
699124
268779
685979
706129
79568
897942
491711
8596
373330
956782
687167
833504
847542
532369
378299
655940
7586
86067
348440
693033
223595
678898
12452
922285
161303
780356
91056
658705
434444
53466
214194
236703
103455
878893
215960
366815
498942
63491
564366
237572
344121
694490
296877
838197
109946
114606
247279
864459
328830
717697
697300
841116
848461
761410
717522
20226
256327
763693
544825
299211
806886
833005
574152
319864
742588
450464
730048
968648
316409
11483
156998
944094
521700
110868
348911
529105
382020
174254
812338
46697
533077
226597
329875
716746
356166
373077
388241
342045
161370
195733
110487
735248
518666
265155
430686
511116
120337
977013
95609
659482
384557
278630
548049
317346
560699
753205
319415
737593
412498
188417
638205
82072
951355
498128
766134
580288
503130
857405
963697
369510
62223
388002
807277
120675
900995
421749
425428
256545
680181
837795
408767
405007
78645
152856
662139
254446
678547
12529
156047
602960
53661
650647
929547
972953
557527
28415
783893
20537
499020
850397
7985
262932
13315
726098
597258
996555
471353
427373
416350
138950
327777
62870
57411
574702
779649
233198
3427
798499
835989
511687
901741
490600
701358
360736
315849
411575
458455
834323
563147
872580
637856
404890
757525
829784
829809
145835
391692
352547
555597
665583
783093
251174
596178
17096
275183
990791
593236
354845
193304
324329
24987
985393
184548
987333
948656
517385
561573
652578
410249
185683
538100
637029
864225
543769
501093
922886
305344
227626
744892
633814
841506
650880
242901
170405
728593
650567
894421
684261
85553
325057
818339
103609
641019
238818
847592
652462
220342
770191
881128
312424
584261
739113
942298
369914
127483
146063
386948
52409
516003
352297
685446
365609
609952
559489
482823
374107
742491
14142
258739
298089
622963
877312
567025
85191
367343
434490
996010
625407
696176
848631
702543
535153
346498
432467
49552
102392
708582
872987
42922
582530
263618
842012
168258
733255
639610
452730
493657
81529
755994
473485
909970
206199
511452
583039
689461
706948
172087
857106
2570
692992
150053
761540
356232
667371
649754
150293
19110
177485
509937
380431
665525
869504
971220
676209
34470
780950
709053
833770
445580
914613
940833
914481
869413
222691
938660
496343
23700
763458
743006
342603
930304
851475
870416
349929
432477
502078
485780
500886
83501
489317
433619
316172
571592
375563
807960
40466
234979
835243
548569
908510
997895
338317
411525
87957
752159
235572
892127
133541
728711
153410
126592
255651
434478
167333
450126
814049
999087
621290
243731
532391
295170
208167
750268
956263
480993
624660
342888
493849
414731
898193
261364
188457
214889
834495
344708
591987
439949
782459
597769
196904
609950
352238
772175
930091
362724
177967
881693
404259
925437
993910
41379
613688
591511
16177
613340
789727
588049
455262
606963
127498
892683
398277
718810
830517
892045
938135
40762
599983
822624
858139
374100
216627
23521
46827
922441
942931
435992
820177
593539
303026
742967
938629
568412
420820
856814
647675
596945
198711
221155
554981
3938
984687
175496
470270
304221
211673
633428
941657
38045
424588
137205
281709
581635
67298
619810
824751
590167
544684
93736
670408
353735
767871
861722
303937
384531
954053
829865
297989
973702
244369
341190
842050
378828
267642
854200
389412
41131
553250
742605
710768
309502
494334
782132
168951
165820
461257
356994
501114
801010
32063
57508
52261
104975
550746
201245
236066
122965
871558
85739
350167
381807
335439
967954
793675
83398
295155
902881
313992
213097
230397
783619
36916
802078
382968
360906
859400
985739
692771
138116
923273
597059
328750
496979
941639
186861
288928
737074
828082
66397
618134
266446
169573
467510
392437
328960
974063
526380
988456
85553
870665
558376
43002
288017
570612
248444
20591
250182
722006
189840
341845
250327
430194
733441
162466
753108
53057
838460
26314
606814
794469
558080
74799
247595
594962
963950
614045
569406
409640
54008
386842
333020
997282
607217
267451
364896
554057
40733
926366
693195
166269
38746
15067
638242
724552
367807
836252
436131
305043
639329
275902
135603
500065
381642
291083
312585
483577
795407
693054
606661
634398
451185
840541
667998
802997
8824
253044
822976
465990
797570
199051
12323
912093
333119
440544
755723
543012
436557
523043
227155
127698
177914
264363
770311
778105
251239
832954
615640
316134
954866
881319
758649
347678
319705
58797
715084
198204
347069
835244
715727
114763
13276
970141
507473
440278
263579
223509
166945
941097
535360
769572
47020
272364
465899
478963
456483
186821
70230
889893
551758
175869
637403
506842
511123
916251
440401
664645
592388
274322
725460
557518
195943
601312
807315
112392
114422
207772
756890
330032
514526
27729
666009
674542
780773
185294
834298
486285
881779
840741
602313
528262
127973
457175
283486
539857
477359
506434
459017
591221
999876
598933
631121
892623
215637
977841
573629
445707
465048
353506
364541
248711
429931
740197
375366
524029
509860
962860
726068
325829
81952
954115
782865
751646
672009
197197
429545
738767
317826
267457
635032
607988
748754
165668
330155
915592
396607
773386
458905
802931
611664
388591
21237
528272
476200
353602
98331
387775
81809
759456
29997
514499
780365
133188
509269
45760
816068
879474
220613
18439
548296
834861
127880
197590
718474
756553
499956
264262
410042
459774
127421
736474
503954
923136
714164
693361
932878
254592
275445
318407
98865
41769
656958
558369
237460
120533
827622
615566
656399
284394
99523
517132
552772
440465
254635
776802
260710
823646
809798
719647
853645
834068
977733
622034
632035
293523
10544
857228
419023
815908
112882
561476
604028
902206
919573
506526
177903
569511
960129
597940
928930
884390
607863
125647
360250
610288
183701
63489
668501
937361
432650
109232
444793
555798
464761
264797
64036
34923
926334
943937
109989
970394
196542
840491
171512
538047
913104
650566
520891
748108
598899
691199
863516
211857
790717
969255
226205
852086
261784
21747
109821
947055
188726
481661
383257
3649
116682
48230
437444
654776
442490
142980
643176
16192
487951
958536
687847
767371
954134
822202
697184
533135
542597
920392
338462
741451
245715
232935
765081
495506
38591
211949
773139
904586
834116
162933
781667
714880
457233
167862
421365
864873
213121
866115
305617
455918
48022
847324
723906
832180
281408
458833
897952
439581
324562
576686
404458
268333
143199
641806
757934
883746
283149
941938
616184
230540
369841
738589
182075
325017
176868
972966
310138
786271
400837
832310
320013
676482
614775
882543
693428
398390
509029
932900
214098
579758
313997
333557
580024
257430
758475
513333
571681
815427
409928
537618
581724
271183
249930
75076
86077
309432
665248
398888
655312
308441
148695
111680
38743
492252
256672
727975
653558
260655
948377
359543
374716
350248
727840
36426
916543
36283
158565
924645
566542
663535
401285
494710
376343
863219
250586
48830
426551
539698
796466
383995
733142
110141
277588
905656
431062
202316
294814
87772
757
30499
859774
311025
867049
50384
162901
231475
543342
213503
158533
49794
150867
740603
832346
991776
907155
653985
735337
175523
241665
207842
301424
113860
464189
564381
626401
264575
72660
822183
605363
714226
741468
70793
923887
536042
803760
90259
627660
325958
700318
19111
505487
213048
381164
746671
233128
992538
277795
285811
998501
777077
466979
119290
846106
792915
729075
745913
846836
302667
423983
898325
158815
721159
608139
444306
308325
80073
816715
296304
188016
816895
26324
409379
475205
222554
702355
88375
732696
717517
331253
633862
986780
786848
823681
828285
247247
622178
224687
130972
806966
57846
243422
324992
901974
801992
860295
784327
604908
936858
438346
153055
175823
981491
97795
181605
750752
57599
644084
623552
90559
640699
13217
129319
971414
790121
911545
371966
897477
779853
197058
686147
855386
685742
489337
130169
573472
701332
507404
673213
362258
918027
483467
795837
279171
178198
458039
5288
689053
642075
77533
189647
978093
601134
40412
166266
44628
114103
353577
111853
890446
488329
886849
825054
739799
752198
297668
490080
492153
967625
608133
49420
550195
970871
261294
172532
157232
217379
850148
793216
332081
906256
682913
255401
702320
7410
708054
254251
645329
323071
85541
459369
347754
395550
782767
873929
31177
658413
56038
526973
880529
967958
513135
721427
33942
28112
639452
7221
339840
867880
9034
827248
263955
560361
779771
984189
805415
631448
122733
732388
44143
43417
844751
169082
882084
148763
701665
154644
188104
387364
141354
498818
161341
323175
912687
364123
393121
961486
221458
674208
367958
700832
914411
777448
314036
258292
195414
787393
615778
798577
68514
399729
535680
323650
482829
837111
123207
344052
839343
885179
326446
484807
819117
952475
726526
510215
665907
940779
647673
415647
591068
843929
409989
448524
364429
343311
129005
67302
855045
623791
953349
914271
538865
389526
318850
741624
963138
837691
840345
75575
240916
49068
122142
336279
347761
883151
881715
961935
50922
803820
592385
254634
139720
200130
207509
224584
989740
87155
959220
139518
708106
55904
489007
215551
931829
412174
945941
429590
633625
984901
547077
828216
100434
572097
174731
541999
721786
73709
100763
481278
461595
167070
16380
51224
31406
698715
774551
338735
182017
94265
751884
875982
878470
700827
367469
185012
560061
906591
404449
935586
937209
452124
328310
66020
256743
764168
154200
567622
25399
665509
502798
916030
986392
477941
677922
541035
39524
437782
184144
233114
637623
607206
247572
539359
233017
671094
949745
399606
204628
989719
981938
815194
669259
165176
544069
9471
838760
950360
794481
267237
544514
206929
313335
516508
591467
835853
889590
400529
22905
826433
145488
122279
722447
171335
297963
330002
204551
788950
833002
585648
814423
754593
362993
35680
683571
687603
246770
821215
933872
668450
702275
89163
643300
916906
688599
430693
293871
731064
947891
397163
781503
549216
376700
378194
844231
859659
92747
497924
867212
214066
804919
49809
117357
208832
452814
789921
843935
277654
832936
903863
589083
68374
466656
354454
124158
56324
478978
805540
482735
867270
36131
473487
841059
435839
804145
265206
377892
984799
191449
823912
594856
748846
954003
719805
863530
652465
971805
434468
464091
898678
586758
16216
898127
44028
808080
713128
82559
22246
254035
787906
380680
287206
15188
999942
177934
331432
208750
681518
404687
187608
412028
859135
86205
9024
309007
840236
114371
746850
490923
471692
84518
44509
341449
584056
280512
19915
575359
797030
627758
91016
182646
355646
730763
403542
443231
307649
733657
954061
541871
532098
443715
290287
29781
276483
486650
727622
930010
889103
735020
967843
598757
335708
531322
782343
703388
336171
945757
431132
719429
158018
756073
411719
53760
313671
4961
56381
128372
682662
565792
1357
106578
160310
204979
958825
27977
794231
14728
64965
97406
552889
89904
686255
62009
659914
492258
846937
824324
948420
700154
107060
361892
302525
234631
383852
776024
31996
236526
716109
271521
430269
599250
247348
323310
733663
861265
438447
130729
572496
754366
909157
321442
880791
333725
166540
68113
69817
349709
393845
821412
158023
232057
179951
982507
458732
639465
804053
925678
821126
182800
995980
557704
298618
793444
667137
953639
842556
362944
328346
798649
53811
716208
251827
194054
790997
785617
481100
968799
68091
315739
706207
682286
842681
894697
113498
198212
419298
264840
864578
94198
57212
512768
309603
389695
758385
351452
22824
87347
666588
212900
225557
706872
21363
595196
767601
441815
980229
985897
191510
673115
158364
835253
857587
505387
476593
313694
715023
403921
679946
468925
534341
577715
498366
234147
741437
541042
406605
862131
435669
439544
762793
393753
302211
855191
90181
999334
660923
247484
127096
671682
217982
433400
73330
191462
935834
221958
655181
804215
913102
444690
636429
618902
407401
197663
678558
647841
208506
787215
853758
226558
35209
118097
550228
751965
910322
764611
533041
2396
415205
477258
652771
467538
276825
8263
250942
100940
504385
306903
298313
519478
885861
602389
949029
990978
803115
143890
986351
104547
176632
442339
790828
873707
393726
900537
636472
99885
883172
321365
281140
171222
688917
652784
389009
435843
791919
168890
342077
399138
946721
577618
143456
901602
488902
334280
340697
432820
169068
559249
948849
766431
778259
428494
825764
972865
686430
779063
73812
376288
371790
151057
217768
183020
25763
127090
830561
233076
213379
513185
199058
634224
801812
587213
157826
599014
298883
889226
384805
59445
559839
203652
930817
323922
372515
514708
392963
260422
827020
416144
749413
12856
95078
965789
27347
795663
359849
960436
875839
361811
503718
107621
219440
655882
360191
314624
964619
191046
270667
226749
673982
797203
394257
14366
816449
168138
220240
893845
810504
511054
734127
570138
406055
797235
763772
186202
539146
836023
559865
362162
239164
338447
13387
22994
555726
452217
984212
274934
963731
57890
550089
201916
989755
600270
742161
952209
618598
80711
149339
859209
575423
466004
149931
364784
627684
933580
701566
422204
892110
173988
775478
128595
631180
908504
987585
335535
783816
371263
458639
364231
183925
945305
930114
752613
960964
532210
580383
805784
55073
811562
567604
458434
686683
700656
786738
773159
188515
648602
395309
622146
750650
562007
382824
789742
282412
421494
570736
81250
612685
406626
168392
247334
622072
785107
675283
630118
535890
397318
403819
95473
353196
895782
367131
80547
606384
317043
441911
930524
121766
214425
147020
135214
975953
836492
613581
621918
562480
140371
470200
539470
961474
499132
193098
648447
643169
320269
836362
901575
25372
156620
237269
791197
244782
299836
268949
854868
194875
302276
183358
965369
979582
640212
959484
398259
259606
33178
271381
785579
171526
53364
67637
395519
927117
864349
133999
854063
702683
718684
437377
286114
480681
540335
905151
965146
977156
355822
890432
676117
567542
758713
427042
260204
957012
504831
559888
321262
539648
794839
388840
609991
48888
50783
730049
972008
88982
841750
864080
380432
165837
414885
152184
476191
864898
897244
484687
439246
735061
994337
421102
903783
142745
595263
218036
412813
626321
807433
438506
422285
304461
812737
314415
907843
329843
827386
237225
429898
810286
933143
876163
135406
491742
509999
510280
152656
606528
950851
395305
59767
20143
120641
586201
545310
373736
485057
467245
453624
832746
317236
345686
281548
403243
441794
75971
353100
100470
244340
146348
37512
660018
54789
628959
801917
118173
285696
412040
632746
84983
65379
806284
675470
412128
378739
402141
183819
226536
769104
534107
844785
360140
783600
597151
493050
587456
594615
732162
49948
434027
157180
52186
362188
804502
357792
399749
965353
491681
784283
427137
88039
73017
834499
368641
767367
510951
670215
869420
24504
39653
892152
126564
331366
710233
301562
677372
876417
457638
135909
214461
523558
553533
362092
198718
927803
13193
444096
870967
54335
978989
436787
692137
442252
341967
446067
771768
525640
414959
829783
982098
917240
725194
707658
10294
541875
30616
720819
651954
502940
680420
523331
507715
355772
569821
903578
534505
710924
635781
440837
754174
66855
799248
815084
45514
602865
200014
684311
989399
264165
529793
151731
461458
627854
153810
297220
798363
845875
351797
656842
897187
292373
792141
368027
373915
455658
929072
336365
872430
438388
911561
60843
889859
974122
75609
915243
117992
910110
662144
407429
341861
346304
731419
387789
973146
528689
61873
879860
201962
272601
105214
688630
359127
978938
543650
461800
274714
431221
441169
589855
673793
863648
811880
551010
352604
468950
261872
487335
552245
238567
179228
888253
183731
944368
314981
550882
560953
404352
394880
845225
393785
49211
134403
599829
333174
222931
701716
910920
430472
613808
640528
686771
468940
72288
733635
478212
534424
180409
35184
504196
266817
574537
327614
963395
93373
216960
504899
414759
663957
992767
900846
870362
36340
595943
196070
624581
729245
212050
217836
129672
767234
350951
56863
938436
598038
492456
419313
111442
210732
836768
16458
380544
369167
890684
578408
819248
721597
171007
506455
116213
718032
286956
246963
437704
712962
770166
650430
872996
876218
109054
748966
322373
962572
905511
736962
915866
517673
389178
365356
600916
797647
393456
204027
827189
976309
520302
501195
145655
17534
376822
902984
558237
705595
101623
411640
480277
103987
619159
225474
827872
842025
546316
235224
101678
87801
694084
417972
463655
153722
662542
301574
332418
805651
905539
318566
324575
82929
419774
461395
192659
268970
504775
855461
499395
206069
190729
616778
860949
493871
256684
811878
898513
163703
537484
758890
251330
158231
102348
739387
282224
102330
37540
991932
354992
75247
570565
752586
800055
783056
87064
397348
684213
157764
32814
558901
337250
690854
735829
895608
897072
77305
557022
969783
897038
850664
403060
168714
268167
146648
67235
166344
980580
680386
179170
90329
231430
512842
500469
424148
635503
438142
816722
77892
406806
859336
127664
740749
130889
978582
421639
560476
422402
206740
842315
204918
545307
67756
94894
504327
672186
401851
484419
653406
715821
920720
416767
3826
978593
942484
327471
824408
190385
311680
260105
458929
260582
479129
562977
37701
722999
662310
37825
289585
725008
506759
743942
773840
838071
974251
545022
163673
417947
996141
751961
233652
953723
163316
362070
486085
442568
123838
762156
188404
651110
597231
370090
110721
946635
383385
944335
66177
504778
57193
781328
9875
364026
194834
928397
209062
176778
642927
165755
4341
397462
163797
406460
194243
559719
26452
505206
97266
117059
76892
595133
599161
900154
849420
638474
127777
136668
633220
827205
454685
29915
478844
658895
360754
214813
742085
869626
758888
234918
153008
309307
799641
958082
757814
790942
487313
190770
175847
551001
920182
878179
847069
949118
427886
462059
182166
109721
514605
556359
800620
72394
543557
815721
711070
974426
918617
504902
45706
979429
817633
156826
746317
862348
964051
767584
795491
641079
142339
58477
151161
937006
960820
82218
907023
576506
182846
529726
231008
898694
32647
632364
355020
202529
434297
80613
765750
983919
247011
783388
872325
982411
145064
196418
733368
763355
131861
984720
985067
660302
666568
541087
967381
456128
405198
863613
111574
461338
908698
134564
791579
388890
273893
147011
946781
185269
801806
543788
428050
883437
1834
811571
394067
358951
186151
168750
791941
764401
348850
143667
444644
198126
544658
570706
232126
491560
664982
898891
797330
570683
969039
304411
75220
112447
991809
483434
708517
998053
249636
548098
961549
588073
556669
101629
658467
854996
147019
608430
269976
236448
71672
347172
112487
765031
689919
593453
844232
703186
914885
455221
520286
902914
746458
857366
914398
697422
736351
281620
367141
702717
460232
793888
514765
800751
182117
856571
641456
443029
912239
377130
344540
56551
628914
560882
499011
621866
191923
310189
422527
398355
639202
5331
83167
794415
27811
58634
841615
699303
187231
961045
118645
865399
241288
567259
776215
277783
832407
311735
582913
833348
951997
401203
790947
537755
110680
463734
273999
185575
358355
292532
505498
426161
859092
968785
63514
454901
710721
720349
772940
123482
14956
942153
255797
951193
258484
479141
815263
61655
784666
221228
789458
880187
727275
589179
446358
237999
214384
545412
683734
564076
784634
656039
340947
894699
455546
692483
6307
272503
503744
321314
567062
112057
538795
459431
818391
9844
145405
839753
279270
631539
648471
212344
400909
137126
503073
625311
698886
269912
522426
825515
240516
165308
36614
208863
338847
358917
601205
361098
495647
566001
472834
542759
557910
463351
654166
677400
341391
267844
770788
436514
92594
374630
266142
52195
915604
572290
255129
203821
391625
830234
993597
736394
750076
678229
80797
401753
75443
329932
120583
459474
408638
784306
344105
713269
158705
105712
654434
937557
482960
825672
283919
431042
499124
85912
732920
865886
899165
984418
293258
766557
103787
397384
969473
665412
572404
736439
792683
879680
382554
252412
601957
11459
147260
311313
27875
308287
30525
552873
893490
809892
917855
317572
720860
565953
546315
562554
237270
664163
945309
214911
502588
91024
36673
354026
355686
11254
814833
678692
140864
422266
313028
774753
555003
230548
223714
272459
283781
187810
58036
424632
835361
346292
90927
483365
848701
786215
676523
403519
119097
9849
499168
128519
934371
167642
749824
510932
974785
793234
955627
16620
493454
351832
412008
471224
496864
143101
762568
490312
342238
273855
278772
49460
606127
520676
379550
156295
96
553308
505324
569471
334731
411313
559595
131015
923097
184509
840382
387360
480724
712782
297674
490547
232183
41415
931178
483528
934283
619702
986501
705599
23646
186211
61281
845241
731076
449707
522392
413694
788092
593528
510836
421477
287909
386155
681889
82140
792237
280992
548127
312355
302719
375207
9587
629456
976181
788225
817277
564711
589498
896021
222011
380393
566806
799725
545825
148519
350032
714353
399939
473389
662116
426688
599268
887196
201946
876196
202637
846027
359525
849037
691291
653290
71575
674146
402880
648438
176624
431824
869059
942850
632430
957680
824196
892070
371516
130442
854670
488184
840329
533370
732108
77883
881053
74737
650238
876031
775939
122391
427510
99985
585587
971249
205185
740460
204730
568720
308818
892660
396844
897386
971895
918207
845294
457088
840959
704436
602491
707197
515679
71503
21526
714453
5698
826155
116928
613407
772237
996838
23908
526849
872499
54232
4314
769074
357263
661181
752494
83735
687340
802795
821624
962010
91339
942943
561475
813901
232589
423965
233778
945801
273539
68741
606711
356006
78459
871133
965551
379030
623531
591322
796483
311979
868751
869995
24887
917662
913892
76220
99825
179777
951941
518755
19857
712883
249879
59515
623114
62755
264679
303027
380818
348272
763060
78106
253309
803757
447520
648308
690615
486129
695630
373463
460203
96017
6312
509644
93258
221343
918055
643812
900008
156369
324140
54000
993860
754784
48884
893828
106126
18943
248019
902795
114351
320504
210504
448211
548919
790645
616686
221129
470141
265584
385604
613695
484147
578477
58551
923839
706571
740235
966257
401770
144699
620866
403019
224449
24132
709059
84245
498525
754873
553692
542181
671671
238109
792834
259112
139699
885513
558100
960725
302612
604656
696925
173670
634423
770764
710444
569853
415382
696232
125045
187256
365891
52686
846249
758096
493484
917484
986054
424079
839859
706399
118161
466256
916449
723403
713933
375586
691312
319364
918851
38325
148471
779509
663644
797113
447774
447195
768595
453685
313687
139206
668862
802292
629828
366436
176289
618985
391860
34738
765628
222215
899458
134021
120866
596213
486495
230668
257221
911020
56831
334857
878540
96017
777380
86719
38785
586381
389041
49135
310322
46288
148888
532369
110391
700652
37536
315868
836428
550013
547113
94947
983725
656574
553736
696636
138867
14450
658643
67431
310618
217105
189974
857575
396854
978829
260666
572845
24911
543108
327651
589907
229944
342725
724415
719340
73326
367088
23629
420213
558676
170626
394240
707208
363906
961883
351132
221965
542281
80744
947852
24335
927738
321610
738516
93217
856313
291313
135515
131561
439986
464691
290956
293320
222361
957205
865003
641000
932159
834396
623309
771778
990820
238430
508755
139991
822865
482765
493668
434970
627697
38701
30563
944167
595256
303316
662169
908333
604208
631198
863026
782013
231572
892067
980227
93984
879669
100920
484846
406701
96880
710131
289806
707885
457434
176073
33514
689307
812854
598524
270352
373547
797644
700545
503864
401285
434128
346789
698063
919045
295035
956669
36792
300960
971369
841296
540205
98753
258202
414770
260322
721944
997919
86967
338089
917566
748894
322677
486732
419183
269801
972861
95478
5683
360846
489478
984369
531027
388203
578942
659855
532880
402856
565800
111665
140211
673338
988845
736515
616138
635868
934761
431105
398084
338202
548407
375628
710676
362455
586297
652390
111450
860056
278880
649244
322173
861190
31109
940114
481891
856926
9178
710549
679260
754915
727442
319088
432118
975302
197878
244227
760048
586161
870594
783315
335040
541756
697394
667480
812439
113849
273693
168571
801905
926552
548405
672823
123976
916556
789491
279020
642229
48731
254624
759211
626689
224211
751844
643169
610760
229319
943509
735373
164577
342070
892341
525288
989462
495565
314203
780416
163795
363628
127675
368041
583233
840606
908644
752708
206510
54619
195111
515562
185811
918857
601997
711317
331537
111382
156625
110828
789912
54225
56720
583119
170340
538319
3993
459834
34210
23116
683360
628411
602352
9074
115225
278601
921056
886582
175978
786083
315566
999136
436659
556141
34207
427947
549562
245720
740073
181024
193751
878079
338940
203374
990504
109569
306908
544555
197701
44914
836612
448809
718497
183393
371258
566700
913209
176736
803632
323396
790260
444955
935404
370541
795261
790776
617566
500578
548912
742392
988756
758273
719761
853186
829365
805280
289471
398977
18569
5655
971692
376501
688880
131063
949470
866757
280638
253265
184883
467507
514737
372825
442088
416676
390763
748795
942675
968398
408112
199728
492003
806329
995642
455308
56157
78339
729048
865311
354028
565977
277229
514232
158166
797976
351703
413758
756074
804340
421070
928504
510137
364301
315695
81405
227655
615930
316185
303084
462422
80569
862605
321072
990864
818841
513652
165363
380859
233571
74905
871131
137709
415326
899236
618905
190277
505
214658
644111
64973
977004
992720
138334
547327
479608
689590
127701
490633
914236
227653
440227
762153
425963
402888
273458
703371
956156
523367
339325
284324
186339
32899
522503
729435
549939
790795
94810
465064
696789
891127
227150
401271
672073
238111
485418
87848
724270
773745
511256
129250
385950
674729
466622
5918
634678
108978
711745
12438
625777
915534
234121
477137
875333
359787
878633
944104
470217
408899
997388
688812
594779
662636
793844
23109
503
38955
90080
187851
917470
185610
979100
182410
12110
210075
898373
511610
566277
516584
94756
440961
79050
82372
839287
781255
657006
750012
525938
312286
359477
541313
617631
315371
776356
822444
534470
723314
880885
443512
5415
595723
18897
523894
94968
440167
936433
51710
465027
665257
461414
367023
377827
953632
314142
556427
609762
512407
823349
12588
366103
250490
513016
777794
828373
376156
567978
663729
406054
189666
675604
175058
630724
122764
511169
499033
422063
555155
987404
399119
844822
605295
284984
860680
850871
992454
163486
663998
1229
219929
212682
22063
899964
868297
77409
754924
82706
241103
695520
718811
872188
272703
645656
275361
989653
286355
736298
255062
442463
815108
134364
54606
525003
424229
167765
760807
965506
652335
926922
835919
212670
903980
662500
186124
976983
653541
275094
762427
45354
756245
416327
180959
859635
268592
526930
572118
959638
9623
871027
564516
256155
908423
221535
186120
85565
158076
497060
475734
700531
316602
789418
430370
314181
859601
506140
968208
610203
459532
298377
336111
11261
973871
209707
686217
398780
953405
194970
256410
897299
595646
801168
955882
781308
362406
579763
304247
682445
476379
100558
818907
156481
799359
61895
728752
966827
985957
866777
34
762452
558722
961915
500106
711246
534916
553254
282284
698715
535317
787339
132160
963105
240649
578435
104885
515433
833536
649062
951775
279838
201893
285763
133824
358973
479469
179630
211902
911976
480955
719390
412823
86627
194936
493958
338577
633731
301061
244635
246391
809151
297478
605531
147128
689039
968398
855802
915831
220923
957010
213318
133291
336894
915002
720196
560558
272958
828090
141133
231777
355285
341352
370308
217759
815926
374516
45532
768169
746691
239858
471153
214371
588900
402670
142623
982359
596361
138635
444785
390574
623666
263799
990978
954965
267636
586099
75928
171625
474740
933399
65618
805640
159928
12857
891105
467798
927170
387771
331201
314523
922865
87633
169139
981064
485856
998947
544390
934224
772378
737836
964196
134323
383305
750558
608111
91486
350373
415342
950123
229827
298587
873907
293429
813291
174240
665513
54443
576042
511564
674825
55188
208589
807433
130261
467709
536033
94659
9914
469109
268689
41708
141704
399246
736903
969202
931294
422334
409370
404746
799618
117425
511828
437648
101374
15935
48958
794204
355847
806824
820343
944504
968347
422659
97553
682647
755607
326890
253043
282849
72077
996827
340459
946232
681434
188118
156883
474660
556525
844089
242945
243178
645073
171296
711945
557400
543360
770941
706059
114326
418751
741829
738811
203090
648766
324185
73361
719044
301693
54255
213595
604404
169290
126520
332668
802791
776965
565595
756214
913256
859052
574297
237678
511758
563878
577164
299430
797051
710713
540153
139286
984665
620830
138717
864097
330248
258016
137368
297466
357248
114757
437838
172966
502270
630493
638541
73888
518552
838627
909154
780434
977765
14726
792803
255273
844453
504150
227052
639212
71602
24754
276309
8331
761540
914968
228929
983573
30573
262423
2420
544775
639596
268128
398965
798498
421214
401330
735408
881265
925336
503276
780878
958423
801558
759718
161521
969938
828027
883443
19644
826098
30963
498156
225864
332494
838447
429506
411426
587301
401563
654967
43315
256129
836207
364379
140837
709636
615761
994304
834059
443123
768742
345787
713875
568326
243875
317885
206772
1821
753447
258990
155545
147129
242778
176322
513811
141440
42264
66470
960051
991707
989904
148106
479701
270368
459961
524749
122216
437179
618881
451884
354177
833723
49384
576520
57355
685175
784281
657538
88619
520561
222734
409604
833854
142573
499422
896185
13350
659885
850567
999397
667371
549291
34253
842352
453218
620635
866086
443507
108364
719125
195669
769592
382940
301562
904813
321822
97745
666258
118966
828635
357159
384726
977851
439489
768972
580300
314252
337128
770946
563775
511399
462331
586611
619484
784513
804886
799470
207031
123302
436719
819089
340774
549173
369493
324892
453141
26664
532292
237759
177600
798440
347092
540918
21932
642238
282645
571439
594763
73379
872918
306383
528957
672560
544589
207726
733337
182981
763456
517049
99927
522351
890713
542955
682246
9545
16384
835553
608357
114597
315830
553635
781960
99368
593345
765334
164307
921412
564679
977245
501867
233446
204707
133651
250383
130336
290131
668213
4583
161767
591554
270160
263208
15243
137832
655248
907726
804136
858672
12386
625853
447091
963082
480165
757549
319282
524423
429589
79214
779254
43419
811925
618302
786210
15181
866480
317644
757061
292572
551910
719413
348171
830969
446590
523042
45670
290427
766717
961536
938097
857607
360171
62740
552292
351392
54775
270364
724541
376102
931101
605912
860542
588998
225328
118347
779629
651857
476997
61
271351
337604
150665
511563
306762
292972
277681
616122
516491
957123
711878
28854
757706
468053
141117
921647
683247
749184
66010
434818
960405
596116
593102
380959
361471
945997
858871
759173
605640
328242
743413
393813
813430
766655
690184
600493
706942
848607
755977
259319
73710
438653
753872
767418
664224
902246
848206
392489
447880
303681
435100
30444
585847
42179
39656
675234
744501
769705
150092
360764
434101
518508
10481
188248
213709
318064
215424
991051
777868
540624
214704
834640
993206
806690
361107
521751
842244
825684
716734
459224
97791
466382
311292
301959
893142
712968
807966
771250
726998
14950
855991
937236
698514
395213
825218
555202
428172
565623
553708
346159
686822
857155
614620
907256
88977
600459
37237
779157
681072
517905
832990
918816
52971
690868
262973
967718
207215
708522
295106
500741
510098
444173
264053
762918
684632
277467
136125
597993
981471
805904
93578
276620
271975
370575
772401
240635
851761
404036
212981
292683
675730
28808
90178
209092
181959
937175
884265
7646
132239
857499
347987
719650
270517
52967
836060
242649
593101
851702
222623
811510
464333
439244
797685
875167
424326
556369
646840
682395
918466
22337
115957
803178
495540
2423
825010
481289
353994
54960
580958
747457
393201
128479
465754
123971
457916
373928
6103
219008
534514
529752
647534
59
181413
401471
828349
236486
231123
215011
784766
625590
290334
201869
89180
109901
741542
544809
224110
268094
227957
354771
888655
538141
270743
475165
418308
335854
973489
673714
417250
50397
550265
427832
147881
388713
374803
115897
621764
94068
174073
588523
250166
138983
270193
955368
457123
191331
39299
355852
382428
913107
149818
738009
991051
179743
641097
109392
729316
706248
983162
492494
262997
557408
797760
734368
75324
862502
53988
700466
735097
625644
923044
130041
94020
639433
104604
749671
267948
315374
18042
226977
296555
617637
291285
504142
900579
812256
436781
968138
747616
265411
386581
915516
110906
681578
325526
692757
341222
535824
880043
594621
137343
338832
620754
756784
990062
19777
643989
351617
75138
891425
841443
413941
688206
756185
195939
645360
266123
293617
833789
263068
425721
85849
952849
469686
239062
7528
19135
412441
313907
411846
408449
732123
435330
423421
89633
957722
996882
534500
514080
880802
168267
85163
893000
856190
423967
972640
227310
354720
485639
680166
426634
47604
702035
616975
168899
51494
385982
151068
517721
982534
642
231548
37709
663291
482976
109320
978610
264785
666551
238217
648477
731622
779537
952987
94801
340557
192849
96659
45718
266422
780218
664414
926801
633741
985212
360844
30088
818354
254521
38139
571739
845813
16779
531545
880160
936719
47454
229708
373214
314647
994029
962525
688168
247422
31688
695011
268066
749048
522174
828342
858645
289323
105349
251299
202315
336227
304746
403967
678078
122131
79232
160255
10263
628412
666477
802663
714843
247991
72826
158081
293102
963140
723444
731071
272392
817693
976245
679379
602053
290201
92777
281039
296180
426178
179494
282415
740463
765480
329229
543932
631972
643486
551630
251083
235415
833774
952261
59756
580944
229024
980168
20074
676221
364092
535240
895504
565879
374278
978906
384622
359982
625366
801914
387877
29353
798192
864075
584085
448917
384061
62200
949362
918762
528894
526108
649615
411510
472361
495656
438618
865432
916488
98435
373029
310033
72702
604818
932087
890938
283989
716536
366185
786574
944607
183950
6606
841572
163753
221729
437222
969698
368175
610839
196882
166824
30805
101312
147326
837983
885624
483994
93517
878622
540287
519190
443493
526930
428884
77844
956650
193374
931988
693147
164928
667525
696015
162788
974154
344944
519502
808043
247757
250631
58433
468919
497256
305649
901552
206205
279227
971389
457491
94103
5314
799994
623019
487562
246286
425416
740457
479675
412687
85908
265079
243848
37710
675028
445911
529357
470808
868017
127158
802382
318481
77581
236237
842886
820189
71368
21934
137843
625378
222679
798616
985260
735882
837884
687833
364933
44505
208452
916502
548738
604486
39826
395355
161848
985552
814585
431209
822228
859738
372195
735396
411210
844231
655108
775621
927733
563757
780133
667373
174918
403482
602613
854297
190008
287292
279818
507965
199825
987195
80977
484851
262356
951514
578419
197895
278654
682225
74389
857334
5603
640158
199705
278104
253182
487283
387406
141028
80773
62262
760100
801176
264372
541079
741584
145256
1873
185529
205346
874555
705733
306619
231383
835033
778760
887344
473040
459695
265812
457213
496967
245507
489367
922799
661769
534759
203776
324509
601115
702724
899885
138790
427191
137562
227094
279801
220478
721276
209930
433163
196022
93125
476879
199833
151600
698984
408775
364672
499343
365837
14243
927710
875216
623560
565295
514592
311808
341573
879310
206824
941479
677363
584413
502621
974670
566942
879428
93820
607938
498959
666866
751763
249764
832648
261190
403841
768628
289533
771198
962785
125984
839103
825165
235277
688481
972174
263574
803630
572267
712502
967992
878904
841965
3105
491683
518658
508711
974257
225163
584658
819556
314954
756734
384
698971
262479
677945
42567
362370
161454
745964
22275
570375
916525
80840
102376
852197
349136
814140
2495
303368
75797
521553
895436
530966
787961
909798
246659
340965
742531
895129
794370
64369
186540
143228
811030
82369
824781
536305
426002
294228
221006
441260
410812
966537
945717
308528
925440
922265
389307
666461
159575
160117
222668
281289
743758
793400
861298
469417
911010
352681
431286
701601
619839
266324
951594
957905
383835
773296
269810
20007
27416
812831
388137
708266
82361
634536
110740
928899
585249
479433
984358
324393
951658
76070
735554
634253
841701
905250
399470
17629
221070
355363
625295
73320
862941
519404
821421
144488
14943
987811
924692
152143
652455
369299
639044
346743
771979
514401
198927
109221
682659
932399
884168
431577
368323
106893
749943
543768
530769
317340
116204
478585
373826
252180
798936
672052
187535
314817
845324
562956
813115
966252
913955
597437
554740
832214
671938
582358
437025
388810
862274
327300
706322
290248
334970
288671
471195
193718
704997
756048
769461
277652
613719
697602
871607
446107
778317
400275
570363
966992
159207
457162
669076
635971
296106
716407
18443
286730
876836
536108
434954
167585
106742
141958
455066
788904
772262
83577
917209
510264
200857
993817
609819
89275
793495
535462
352532
216353
725830
108632
53897
271663
11994
470033
229603
405111
658223
70351
994142
618563
270228
184464
316881
168888
321094
601875
170909
471761
242536
82702
673845
694739
483065
60099
766134
165390
847342
579800
842475
760643
363874
802089
560900
768204
482211
163291
155591
636709
912355
49954
130680
701910
89435
298646
240036
16392
676936
440930
768181
191620
364553
880771
973817
643127
434786
359158
788598
951895
703898
64212
557769
78422
227876
233499
254688
468138
623564
548676
686677
157803
446284
534200
559405
192581
952021
971934
605303
184418
820063
749742
488453
406412
811619
650855
396089
483102
828272
917772
333417
123052
374692
203695
932810
848142
492185
52258
474034
855936
43957
771897
392827
128259
754253
610377
745335
830352
321365
781235
691105
462851
753854
604179
131832
954156
575758
151357
266802
577021
837409
771586
639866
705792
215258
563624
783110
242588
601390
711263
700396
899763
497900
749367
140460
48165
356914
360193
652158
201241
905519
565737
161736
47037
226666
870565
369198
770513
71863
978653
272383
340827
785455
897013
18527
272371
132031
687035
913000
190628
827267
502747
228962
610102
80839
791342
964951
4487
463718
83666
597241
215564
499198
65561
671501
271671
609849
592828
479125
344693
194426
12597
170725
622736
438879
359568
114307
600887
730840
868088
916134
669879
447193
461530
373974
402772
336775
551634
966197
435324
905614
364710
306794
988196
381412
56818
841629
719894
225511
746855
662522
539202
207909
568307
996201
814669
332021
606225
171222
721270
677034
364063
273646
595630
167532
927361
768371
37667
691587
268729
934896
58214
626630
43801
439078
829715
705803
182529
241323
382060
517938
394412
375376
983985
205566
376931
461970
878885
465328
559304
70750
730549
380411
244927
758289
541550
91064
711164
820663
454051
288446
803961
28307
956781
811958
604307
912571
164107
129229
166486
108866
149492
364901
789162
203331
282621
988687
289661
390063
790600
465390
889486
572339
132282
197979
204346
677803
381703
285512
897527
738651
994639
361865
787272
93614
713977
366105
418594
172026
601258
464360
297863
749656
298842
450437
921258
365647
591249
41595
475667
552862
801402
321100
30063
988660
398960
231622
896024
758802
607611
926504
530867
878595
231701
427834
114227
787627
577629
695547
489354
916516
570092
117635
788805
326240
167527
139830
273497
681845
276721
838699
86553
340108
809844
344665
937249
673539
331802
798612
694653
482354
470080
659792
564414
674753
933492
419267
517954
871007
336210
133631
788018
895701
552240
559150
982769
683767
532294
703823
821132
259129
958125
214179
482080
768912
839950
190759
68750
887036
490585
440688
455824
779017
894
7000
446435
910300
553220
114051
392747
748259
621875
402489
345635
143090
50680
190852
787867
250693
361895
253481
141244
627979
977479
435523
524229
255901
177711
795502
834803
742732
350517
630918
380421
895522
677806
9001
894807
545240
112714
72469
130547
418243
311075
72872
637254
555635
868544
338990
718231
649098
402892
818056
525140
237104
299443
827845
801537
565370
482770
190534
732588
757717
279248
650015
397742
990956
22068
450113
465283
41679
296045
242626
137978
289425
122934
723001
316903
904606
798269
968593
387357
838721
77270
185705
339839
532460
105777
143317
596078
849960
207464
329436
62469
922180
339881
372829
138994
661059
675129
646297
533566
418431
873706
676552
353052
160266
680077
235715
114169
576442
510942
896930
767100
514177
803177
893867
680447
93543
310175
865282
885178
878751
854034
615323
834214
966608
180156
215798
949544
750104
584006
655844
229476
151972
435026
968925
965014
400717
832652
179573
852382
870062
29147
19635
339018
310533
562336
548292
119002
446014
692382
45451
350884
809847
761118
654815
564396
258383
842337
386444
980109
464279
286170
364064
992435
855098
667453
615128
79150
834251
928853
279729
260890
130602
12899
15116
849603
834399
276305
523681
404272
631864
96796
503530
57722
538555
304959
419629
390853
780211
404529
706630
558379
446208
199464
388103
583892
665083
27199
483919
643080
947207
469142
284750
517160
412652
784560
220282
796948
746002
805212
729996
982077
318656
982171
348244
367482
782640
306342
453880
550138
247824
224274
298939
429722
222222
721350
814682
931137
624795
431224
184519
807199
792385
880601
457064
162722
812045
986369
645069
753994
84677
622681
644851
974998
674532
724552
239722
464036
851219
20620
801251
358741
573318
933781
395255
722932
170203
855028
294938
691302
969878
289144
172152
314778
620692
922797
189692
438055
525107
185522
555437
796271
661272
699885
465460
625143
579423
323940
755189
497669
481627
350646
79918
604175
629972
825778
233880
858603
485345
734132
992518
957017
691430
953767
784116
795533
450528
330073
354306
751735
534860
801667
938929
665696
465183
4980
697468
873433
468321
770112
143509
846262
99839
797268
209674
619232
209225
567977
684805
794913
688916
331088
952709
790974
193003
598419
104840
707504
915769
669926
174614
249350
969634
3453
962808
679959
411716
414222
138991
624992
128309
360447
390282
715233
590623
146256
857177
894162
744092
164884
586307
882551
645267
559392
62819
203772
848958
147954
472692
866763
900140
989964
957663
798394
595498
894158
876628
96385
834460
529715
207515
795003
428985
59813
666604
328468
940805
237476
200351
46747
741242
210678
963412
750884
83618
292062
604083
410242
940633
759036
831001
263762
941529
272227
724851
138345
402784
591888
119735
696464
269627
760791
59701
214377
957369
791304
453566
585453
892788
734351
262966
611481
947602
425944
125521
689462
26552
206778
714775
303435
290075
466386
155752
75424
698713
943752
853473
156757
334961
528258
925684
348917
117741
503886
777120
980450
150976
749034
793515
292314
838496
18629
517454
206282
496069
219519
316159
515585
146706
35389
111793
196005
877112
816299
406389
803241
605039
984277
515663
13616
937830
296808
250491
364529
808666
914049
493740
443716
648824
145071
538486
277517
413263
422461
464939
271446
948932
949470
579354
479194
627593
337888
10051
299572
416465
729679
471804
301441
97497
973878
375410
166698
233371
779898
354483
541687
768137
152924
397615
582020
725778
872443
866760
1634
496903
834275
782741
454651
351360
134942
854309
655569
404922
36469
386022
599942
286757
950919
948063
78987
442244
192299
346218
674945
769661
371787
44146
633364
67977
923252
503308
796007
551854
997334
753415
755150
471127
8416
802669
582190
946937
17153
950081
962554
119569
719840
761776
196901
393876
754541
254929
817217
204860
318627
139775
533479
526224
191815
231973
125115
790128
149377
386674
428108
631634
58301
103714
407587
283053
630872
128814
278341
148249
365873
132050
425091
242218
383663
555376
49820
610010
847244
239488
313436
668323
686090
591147
233227
857559
219936
228925
279312
776442
677553
792061
797560
630478
521973
330920
61267
616125
354188
913848
763003
625726
976587
668968
838986
186577
714684
291260
142561
636439
182153
515105
942883
909888
73238
759785
945543
467154
870487
550028
63117
401946
849502
501899
470696
573812
334490
794612
720245
52742
494108
433694
255821
933396
476484
687709
691735
17122
752160
46649
142874
928675
86364
642873
594288
162448
849177
887671
557240
762188
385377
594113
745638
804160
850730
361056
776223
474687
198271
265174
852087
920072
571015
89818
142330
748459
259283
9486
433404
385528
68049
928420
714993
823838
407153
134441
315582
206629
907610
308248
724634
446818
237371
958057
667365
899994
688056
451661
82665
115427
911486
217047
818851
486986
194562
222802
357660
996545
500542
845829
903164
839690
454266
171712
694138
456957
879119
921799
397007
716289
45474
569594
567076
890023
540539
405268
682701
612958
422453
242336
60403
807622
926820
317976
474041
851001
109569
228007
629275
184350
776780
319036
706086
61781
405083
884944
992551
65658
263918
210407
20874
766256
54653
366376
69953
341891
649970
928827
946446
789293
540101
744701
574092
258206
785426
95542
912869
136290
697670
843137
347388
651112
292524
212656
939508
726437
863507
505295
484940
655595
412716
617042
349040
212045
221461
294147
752968
560444
248023
132150
201030
180741
281560
839982
644249
32078
744944
447880
276355
309540
972074
856261
367987
420781
863019
369762
473732
841997
426867
343516
478383
144675
443887
290851
376577
923058
395661
362047
36745
491278
342573
352425
888267
565520
642106
166646
369551
452542
568406
907429
981493
415627
228939
175399
683520
556455
249055
928258
349025
851698
820414
910971
133577
904506
653766
56355
736854
990709
463404
721191
636416
382896
411134
785076
966966
619649
967994
802467
778675
696372
210
21190
273590
519437
362023
62755
915735
268487
607330
820121
674003
467403
13021
185046
670863
431602
218848
983760
911753
585750
429792
378842
989137
847215
271012
598596
4493
443863
208432
63871
588461
446588
149583
652653
851487
799224
637380
614139
542483
591011
140620
468366
383378
643283
47188
169013
369875
226087
114212
535364
400801
984233
890713
192924
266580
621368
32052
426375
248424
763426
58262
471872
60055
543458
231660
227415
317819
360368
333559
871639
794221
604708
441276
320742
445130
961425
995463
345853
800026
101999
228720
778405
329650
673067
663070
604227
555874
956658
386072
230119
767172
211005
365715
779056
532749
668748
408311
839919
411622
819773
851194
9507
892528
242573
741142
796092
542957
569971
747794
305154
625904
686199
626348
146425
534706
279856
142221
386987
880388
627433
671540
361160
974295
103439
104466
583216
238992
662219
787993
776382
553114
155544
934231
980253
250805
219213
885876
87077
931925
866977
61269
985902
208864
80917
604214
80972
584656
219290
244350
252892
526526
21323
959531
784189
148232
490033
35211
789088
138106
157926
557099
880737
781978
971412
752040
470360
751968
646094
895620
315493
393979
55144
455062
13410
566163
685637
152296
893378
499224
23494
998559
19702
417869
535100
249855
531791
196012
150041
832021
760771
184001
96788
948970
773998
309878
180531
203924
237452
328877
133854
329004
938561
323669
928857
858912
471382
566261
946121
218025
462594
337736
141833
289863
114612
159366
537396
462868
246877
721556
220249
274347
601926
814073
134848
131491
297191
106173
681063
703532
385631
481713
914844
564500
365370
694489
59998
696033
489011
676187
778472
965530
249890
932016
369427
423035
42167
806924
834358
614632
772481
717663
957046
515895
108628
859506
727078
124488
188821
797365
561721
365209
885197
242589
832393
980880
422892
577333
924493
420123
99368
841363
973856
570689
943084
254718
24456
669909
444646
711813
89324
490267
271815
66431
931050
667968
524666
398948
455872
505863
967410
935509
507211
691646
114466
413263
80332
7301
99622
388546
142
464834
882430
414234
515264
931117
743806
386356
572811
853909
835049
57169
679841
477008
708041
71453
93394
818765
311538
164425
456214
23944
121460
418630
452712
163858
334152
282210
456223
529821
174386
17155
570286
56100
711670
624489
607837
857580
551167
999933
924162
138309
826137
601962
670813
910241
255668
30202
983605
43012
319868
261566
695762
935197
932332
976198
343373
463800
961522
351405
596964
461595
930133
42989
679523
817894
486882
623741
765337
83551
463616
235813
267598
311605
240262
317904
197806
519498
747817
542471
908190
303950
298605
413210
209952
912819
321393
635089
123768
735472
281115
144037
896058
199761
402968
462566
208176
783147
922439
852919
423358
631926
264864
900053
579396
84054
993967
384156
694935
614427
778391
823875
715982
419050
443215
293014
162990
516923
833037
766704
496500
851793
499973
29865
802436
319579
339755
67837
908636
777695
109728
414659
597059
894897
119112
276263
39085
398552
833814
125897
918851
937236
940153
509340
957080
457240
428054
477008
756545
109954
299576
691253
950110
155734
356418
571565
131953
234998
97617
259816
744299
926130
475520
917239
504699
363732
226815
821085
299937
166952
253929
764437
683108
707139
847852
559263
911639
990632
72784
345195
891525
862747
311292
798682
478118
418475
464548
441324
538478
547547
144310
804086
300935
573998
381598
992721
461716
22914
4641
593348
230424
606968
177070
589593
856024
535139
8144
242970
307881
797155
659925
141321
162214
752421
368290
881551
614837
676837
439120
86224
899183
785491
282606
752389
22642
449842
463502
109110
325540
855131
97546
888725
985991
479436
114770
284556
685676
721699
942657
942979
410330
221577
133442
741323
887622
2989
641872
548513
205707
500047
377883
784879
583793
918416
694164
444933
324362
424681
566950
406182
71636
899033
917430
452750
699608
771200
155329
682777
637650
83734
195874
893138
734179
496141
675893
677606
652049
541282
864767
19653
807970
914989
903403
825493
477248
312667
304931
67574
785272
669837
960194
260995
154748
536475
871343
511297
304147
680692
41715
116421
847659
959094
910862
121973
304172
484745
50700
87652
242523
16558
792883
783080
559913
547297
598212
156647
995630
91936
975501
386940
466268
87755
897505
967813
123540
934878
738389
197703
624797
164596
373458
971356
499566
748345
171993
848875
4126
781430
521320
992503
261967
217279
825050
768714
876953
177113
701082
607450
938263
714695
515666
212211
705190
654774
650153
759903
61589
943049
998433
369293
746355
852996
462854
77927
643099
821527
283513
811567
375303
749336
152520
214200
570615
982998
124973
248989
262704
128790
90859
946426
233796
130938
259440
910102
648929
161247
266165
844792
98192
412090
787285
61077
782997
152027
246147
408970
754424
747123
125614
55426
893600
889514
232147
188926
562175
301466
641595
722192
529800
401164
497199
932799
852190
52006
135497
615416
593556
552752
428997
481852
555361
438720
713375
963213
962051
91443
431202
418588
736850
716002
494564
515581
3175
35432
52825
344282
898791
70513
347926
347463
519651
543973
314991
697027
914891
854486
208886
730990
16530
630731
815414
201672
318126
643762
500065
454879
176138
268933
226875
470731
870263
223007
985342
813798
906600
981617
929623
816757
999181
791214
716624
523042
204825
81534
962200
11388
123729
16347
48322
107564
882556
700212
402058
106118
900587
292891
197454
359412
535367
597945
168144
629857
843637
877194
477199
296644
558631
501193
790427
933273
924862
392129
731808
225315
914106
292372
996846
236591
681562
488677
331150
159790
220611
119310
588175
170051
820948
879223
913210
613708
784162
570210
281390
401235
623070
86767
679405
327631
604335
665555
452756
622535
225920
115048
182701
490427
968403
176742
192012
608215
296045
960863
677850
46690
266794
8353
409246
724326
289019
307148
475695
679407
587983
176719
149110
354652
110738
330573
602245
827339
612966
669215
632256
16006
35920
708614
933870
105562
936609
97747
201647
644206
687210
304994
317662
823299
892360
234699
134440
614717
677520
955078
38611
297187
189859
773348
34552
49200
965938
828049
379688
637830
574497
364673
995248
626830
328606
661843
10770
558180
74482
303683
787717
191272
105500
831489
992197
282988
859056
325810
462292
876039
196132
987528
149818
657887
630604
335069
826147
262571
674062
884670
139623
108559
718058
563817
69708
322537
309745
690832
494693
230516
223929
576260
540234
373836
167361
847339
191686
358370
781151
751564
190143
640128
365757
503649
441698
586969
214854
337361
996226
993536
835696
748199
884117
189812
164059
679157
473213
541682
761780
669659
973243
168224
831116
231775
652110
619871
447293
775981
490526
783264
143382
467776
481419
922498
694526
499495
742802
214409
122119
482739
107683
972384
694606
501156
394820
475730
692142
350421
209776
488203
374125
650003
596589
111492
778321
21918
809011
133981
851539
821826
139675
438872
846834
212961
850153
367919
266779
961619
495285
664564
936355
258803
419563
279041
561976
858
473618
329960
836955
176379
927728
96872
566204
2322
409138
493378
871187
369927
144177
672607
690484
608821
362870
300292
343064
668810
125549
481645
651003
26900
208950
730522
855135
545212
551848
115322
230440
317548
549516
777462
548300
479051
297025
675159
894097
42803
872667
844511
803822
356774
496732
896852
817442
822678
974079
327534
895933
119270
935977
893165
875308
991973
678956
810054
967429
197205
241736
20992
450474
293816
262938
553638
820411
366714
124307
211433
311795
687710
406195
300260
796142
281038
677822
294228
530168
312097
913080
32457
571133
224314
219388
111169
381571
656350
902154
556327
800094
486970
707729
696891
801067
851675
394037
510005
93836
943093
76441
450727
698371
762645
15738
208223
713075
635716
97022
594270
314150
384728
279886
655331
284125
209278
449858
226160
74428
151768
172067
164060
464560
567979
411339
824824
979980
709303
499193
944467
887001
167817
200392
587074
235656
462352
334086
808488
208575
11164
398094
745854
559328
307883
242177
415366
207083
52398
412766
591788
401817
167876
435576
942067
771026
912381
986167
130391
351305
190913
228242
3772
136523
152555
707269
146333
184335
692812
419675
821773
875191
641370
17584
63263
753674
426212
604732
156676
325802
995973
617740
927582
296537
907404
542650
719124
732240
258324
816047
323275
476185
203695
457182
17661
782922
394321
609331
406772
600614
95843
231030
514271
632722
590993
716597
760446
150291
372312
188392
344814
307648
829490
804588
355332
573172
300659
707235
229118
        